23
-9998.6 -3696.97
-9995.97 -5462.44
-9989.73 -7028.91
-9968.6 -9776.22
-9484.53 -9850.48
-8767.41 -9949.04
-7150.45 -9990.09
9352.14 -9989.27
9773.55 -9787.63
9893.91 -9260.08
9966.31 -8888.94
9981.91 -8794.9
9983.88 -7535.43
9999.14 6408.45
9973.86 8100.53
9928.05 9651.45
9860.19 9818.57
9780.45 9992.13
-2895.12 9998.87
-6872.07 9995.85
-9921.78 9956.86
-9972.47 8958.34
-9983.38 5142.67
22
-9994.95 8899.33
-9992.01 715.421
-9990.85 -2338.02
-9976.81 -6388.2
-9953.09 -9340.15
-9860.29 -9958.33
-9474.16 -9982.68
-6806.89 -9994.81
2166 -9998.19
6049.52 -9998.05
9520.95 -9990.19
9903.46 -9827.51
9977.98 -8814.15
9981.29 -7369.4
9993.67 2401.86
9995.14 8203.27
9958.11 9708.14
9277.49 9982.82
6356.78 9998.97
-4485.12 9999.47
-9307.82 9873.61
-9770.25 9509.07
20
-9997.1 -5711.45
-9987.64 -8711.57
-9955.52 -9528.85
-9853.91 -9987.98
8733.18 -9995.89
9840.81 -9964.27
9931.37 -9154.11
9967.94 -8178.47
9997.41 -3174.61
9995.87 -186.065
9985.59 6332.47
9973.82 8426.07
9962.24 9937.14
9580.39 9952.71
-5742.21 9999.74
-8829.33 9995.06
-9798.48 9979.86
-9965.29 9510.56
-9990.83 8257.39
-9995.35 2689.24
24
-9999.38 9076.31
-9998.86 -1135.74
-9996.78 -7576.04
-9986.14 -8851.65
-9874.61 -9253.27
-9696.05 -9755.64
-9631.02 -9904.59
-7688.52 -9972.06
-117.946 -9995.04
4023.2 -9989.82
8073.65 -9981.32
9834.98 -9914.8
9949.94 -9625.97
9974.79 -8331.37
9992.67 -1773.83
9999.81 2277.17
9966.63 9944.1
9462.25 9970.09
5459.67 9997.1
-1309.16 9995.55
-5380.85 9987.46
-8920.83 9955.71
-9460.21 9896.69
-9951.49 9807.83
22
-9999.04 8830.47
-9994.8 -3524.46
-9971.2 -8851.71
-9950.07 -9465.68
-9838.34 -9803.06
-9671.46 -9994.23
-8973.22 -9998.95
-8014.62 -9999.75
9395.51 -9999.76
9898.31 -9912.64
9976.48 -8375.13
9987.39 -7628.5
9996.19 6613.32
9966.05 9734.3
9698.61 9848.96
7776.67 9997.13
6378.32 9999.55
-6812.97 9992.46
-9233.2 9960.48
-9811.16 9875.4
-9895.63 9848.7
-9987.67 9079.42
20
-9999.97 82.4475
-9999.61 -9240.34
-9983.28 -9862.21
-9159.53 -9986.23
305.936 -9999.39
8627.8 -9999.79
9912.24 -9994.94
9992.89 -9954.84
9994.45 -9565.28
9999.15 2759.4
9997.44 8371.78
9993.67 9594.99
9925.82 9934.46
7412.43 9970.8
4993.67 9995.5
-8920.9 9996.27
-9153.56 9984.63
-9974.83 9907.75
-9997.07 7754.08
-9998.84 4658.56
25
-9997.47 5121.48
-9997.08 -7467.87
-9983.27 -8454.92
-9905.72 -9822.76
-8329.14 -9953.6
-7395.94 -9992.4
-7003.76 -9998.35
9697.55 -9997.12
9828 -9911.56
9908.3 -9611.08
9925.91 -9460.28
9967.04 -8595.46
9988.4 -6700.41
9994 9072.6
9991.15 9918.17
9787.3 9950.71
8827.3 9985.55
4614.02 9995.88
-2161.52 9996.27
-5899.78 9977.44
-7080.03 9970.2
-9201.55 9953.64
-9652.1 9857.48
-9871.57 9765.44
-9993.83 9620.53
23
-9997.84 -9076.92
-9959.63 -9638.23
-9914.97 -9773.94
-8237.47 -9977.77
-127.528 -9998.36
2294.98 -9994.73
6126.17 -9988.75
8350.07 -9977.47
8813.49 -9967.53
9754.83 -9688.23
9994.16 -8867.54
9997.89 202.395
9992.9 9820.95
9741.02 9897.05
9187.29 9942.64
8400.05 9965.99
7146.71 9989.91
6295.69 9994.59
-6150.07 9994.98
-9553.97 9985.54
-9910.38 9958.25
-9989.79 8783.17
-9995.11 4289.38
23
-9999.83 7519.53
-9978.96 -4822.83
-9973.88 -6380.71
-9945.1 -8033.2
-9862.66 -9931.98
-9766.61 -9995.13
-8054.34 -9996.02
-1440.97 -9996.36
8703.61 -9991.9
9587.38 -9949.65
9823.51 -9289.24
9950.88 -8489.83
9983.34 -6559.15
9986.47 -5942.83
9992.19 -775.468
9995.17 7651.58
9886.18 9776.88
9740.57 9899.32
9146.13 9974.11
2646.89 9999.99
-7784.12 9994.01
-9861.95 9992.76
-9908.87 9186.84
22
-9998.4 -9021.12
-9972.17 -9558.5
-9849.65 -9994.66
-6647.93 -9997.67
6573.59 -9999.07
7566.17 -9997.46
8771.45 -9979.95
9531.3 -9799.43
9897 -9666.84
9962.97 -9165.88
9981.48 -7785.47
9985.73 -5723.92
9979.03 2099.42
9975.48 4593.3
9961.48 9901.44
9316.4 9989.97
-220.191 9999.72
-6436.85 9978.79
-9552.17 9966.64
-9892.82 9470.98
-9932.29 9316.13
-9995.7 6804.94
